Navigating to Data folder...
Data

ans =

   -0.1848   -0.3417   -0.5173   -0.7036
    0.0484    0.0904    0.1414    0.1895
    0.0041    0.0054    0.0053    0.0048


ans =

    0.2990    0.2736    0.2354    0.1268
    0.1436    0.1193    0.1155    0.1273
    0.0709    0.0475    0.0719    0.3453


ans =

    0.9699    0.9398    0.9007    0.8576
    0.0150    0.0244    0.0363    0.0475
    0.0754    0.0386    0.0231    0.0150


ans =

    0.2255    0.3391    0.6159       NaN
    0.1170    0.1617    0.1608       NaN
    0.0902    0.0654    0.0040       NaN


ans =

   -0.0108    0.1078    0.1770    0.3887    0.5737    0.7434    0.7060
    0.2253    0.2335    0.2253    0.2285    0.2553    0.2273    0.1969
    0.0009    0.0028    0.0038    0.0216    0.1232    0.2854    0.1696


ans =

   -1.0216   -0.9072   -1.0306   -1.2863   -1.6126   -2.0417   -2.7515
    0.4506    0.5936    0.6227    0.5931    0.5713    0.5514    0.8743
    0.0009    0.0083    0.0076    0.0027    0.0008    0.0002    0.0016


ans =

    0.2723   -0.2654   -0.5424   -0.6153   -0.5173
    0.2511    0.3529    0.4960    0.5314    0.4885
    0.3392    0.4939    0.3356    0.3113    0.3493


ans =

    0.2205    0.1555    0.1089    0.0810    0.0778
    0.1195    0.1385    0.1288    0.1752    0.0977
    0.1388    0.3244    0.4455    0.6680    0.4703


ans =

    0.9405    0.5969    0.0289   -0.4218   -0.4278
    0.1035    0.3762    0.2690    0.1846    0.2922
    0.5961    0.3443    0.0226    0.0015    0.0081


ans =

    0.0781   -0.0005    0.5001   -1.6349   -1.4642
    0.0788    0.2812    0.5754    0.3582    0.3996
    0.3778    0.9986    0.4338    0.0103    0.0215

Navigating to T-bill results folder...
Loading pre-computed 2GB file...
Data

ans =

   -0.1848   -0.3417   -0.5173   -0.7036
    0.0484    0.0904    0.1414    0.1895
    0.0041    0.0054    0.0053    0.0048


ans =

    0.2990    0.2736    0.2354    0.1268
    0.1436    0.1193    0.1155    0.1273
    0.0709    0.0475    0.0719    0.3453


ans =

    0.9699    0.9398    0.9007    0.8576
    0.0150    0.0244    0.0363    0.0475
    0.0754    0.0386    0.0231    0.0150


ans =

    0.2255    0.3391    0.6159       NaN
    0.1170    0.1617    0.1608       NaN
    0.0902    0.0654    0.0040       NaN


ans =

   -0.0108    0.1078    0.1770    0.3887    0.5737    0.7434    0.7060
    0.2253    0.2335    0.2253    0.2285    0.2553    0.2273    0.1969
    0.0009    0.0028    0.0038    0.0216    0.1232    0.2854    0.1696


ans =

   -1.0216   -0.9072   -1.0306   -1.2863   -1.6126   -2.0417   -2.7515
    0.4506    0.5936    0.6227    0.5931    0.5713    0.5514    0.8743
    0.0009    0.0083    0.0076    0.0027    0.0008    0.0002    0.0016

Model

ans =

   -0.1519   -0.2746   -0.3980   -0.5141
    0.0591    0.1075    0.1608    0.2070
    0.0300    0.0340    0.0353    0.0348


ans =

    0.3620    0.3918    0.3488    0.2281
    0.1682    0.1398    0.1126    0.1177
    0.0636    0.0206    0.0127    0.0847


ans =

    0.9589    0.9283    0.8845    0.8352
    0.0202    0.0272    0.0375    0.0490
    0.0721    0.0297    0.0132    0.0084


ans =

    0.3896    0.5602    0.8916       NaN
    0.1811    0.3717    0.4217       NaN
    0.0636    0.1661    0.0636       NaN


ans =

   -0.1063    0.0775    0.1688    0.5614    0.8125    0.9329    0.9947
    0.3151    0.3242    0.3324    0.3808    0.3704    0.3096    0.3583
    0.0049    0.0159    0.0295    0.2739    0.6226    0.8327    0.9885


ans =

   -1.2127   -1.2463   -1.2789   -1.4008   -1.5368   -1.8438   -2.5540
    0.6302    0.6378    0.6481    0.6991    0.7557    0.8771    1.5222
    0.0049    0.0048    0.0048    0.0056    0.0064    0.0078    0.0417

Skipping tblPriorEstimation_Break.m (Figure 9) due to 18.4GB RAM limitation...
Navigating to GDP Results folder...
Loading pre-computed file...

ans =

   -0.6496   -1.6474   -1.3595   -0.8517   -0.6567
    0.3200    0.4486    0.4475    0.4242    0.3990
    0.1122    0.0213    0.0385    0.1150    0.1752


ans =

    0.3942    0.3079    0.2345    0.0642   -0.0511
    0.1690    0.1568    0.1048    0.0976    0.0534
    0.0800    0.1210    0.0888    0.5466    0.3927


ans =

    0.8427    0.3477    0.3360   -0.3771   -0.9804
    0.1080    0.1651    0.3054    0.1892    0.5258
    0.2188    0.0168    0.0954    0.0019    0.0197


ans =

    0.0621   -0.7557   -0.1104   -0.7803   -1.2213
    0.0879    0.4353    0.2557    0.3861    0.3837
    0.5186    0.1575    0.6882    0.1134    0.0334

Navigating to Monte_Carlo folder...
Skipping ucSimulation2.m. Loading pre-computed files...
Generating Figure 14 and Tables 6 & 7 (Downward Biased)...

<a href = "matlab: helpview('optim','local_min_unconstrained','CSHelpWindow');">Local minimum found</a>.

Optimization completed because the <a href = "matlab: helpview('optim','grad_size','CSHelpWindow');">size of the gradient</a> is less than
the value of the <a href = "matlab: helpview('optim','optimality_tolerance_unc','CSHelpWindow');">optimality tolerance</a>.

<<a href = "matlab: createExitMsg({'optim:fminusub:Exit1basic'},{'optim:fminusub:Exit1detailed','7.380245e-08','1.000000e-06'},true,true);;">stopping criteria details</a>>

ans =

    0.1555    0.1919    0.1933    0.1811
    0.0892    0.1032    0.1188    0.1383
    0.9360    0.7840    0.6160    0.3340


ans =

    0.9828    0.9466    0.9017    0.8534
    0.0252    0.0520    0.0815    0.1123
    0.2740    0.4100    0.4540    0.4720


ans =

    0.0000    0.1824    0.3199    0.4105
    0.0000    0.1089    0.1866    0.2471
    1.0000    0.6640    0.5420    0.7900


ans =

    0.1695    0.1989    0.2280    0.3300    0.4186    0.5698    0.9708
    0.1912    0.2063    0.2247    0.2919    0.3343    0.3941    0.5550
    0.1700    0.3100    0.3900    0.5700    0.6600    0.6560    0.2760


ans =

   -0.6610   -0.6937   -0.7444   -1.0362   -1.3887   -2.1423   -3.6267
    0.3825    0.3989    0.4192    0.5184    0.6348    0.8947    1.8677
    0.1700    0.2760    0.2300    0.3200    0.3440    0.4960    0.6560

Generating Tables 6 & 7 (Unbiased)...

<a href = "matlab: helpview('optim','local_min_unconstrained','CSHelpWindow');">Local minimum found</a>.

Optimization completed because the <a href = "matlab: helpview('optim','grad_size','CSHelpWindow');">size of the gradient</a> is less than
the value of the <a href = "matlab: helpview('optim','optimality_tolerance_unc','CSHelpWindow');">optimality tolerance</a>.

<<a href = "matlab: createExitMsg({'optim:fminusub:Exit1basic'},{'optim:fminusub:Exit1detailed','7.380245e-08','1.000000e-06'},true,true);;">stopping criteria details</a>>

ans =

    0.0107    0.0043   -0.0011   -0.0052
    0.0820    0.0928    0.1091    0.1309
    1.0000    1.0000    0.9860    0.8400


ans =

    0.9604    0.9190    0.8765    0.8339
    0.0274    0.0547    0.0824    0.1094
    0.5880    0.6080    0.5720    0.5260


ans =

    0.0000    0.0105    0.0135    0.0076
    0.0000    0.0854    0.1206    0.1455
    1.0000    0.9920    0.9920    1.0000


ans =

    0.9475    1.0059    1.0510    1.1927    1.3109    1.5085    2.0575
    0.6493    0.6427    0.6590    0.7199    0.7591    0.8245    1.0398
    0.0700    0.0820    0.0840    0.1180    0.1540    0.1580    0.0840


